0.000000000000000000e+00 0.000000000000000000e+00
1.000000000000000000e+00 3.280000000000000276e-02
2.000000000000000000e+00 5.439999999999999697e-02
3.000000000000000000e+00 6.880000000000000004e-02
4.000000000000000000e+00 6.880000000000000004e-02
5.000000000000000000e+00 1.048000000000000043e-01
6.000000000000000000e+00 1.048000000000000043e-01
7.000000000000000000e+00 1.048000000000000043e-01
8.000000000000000000e+00 1.048000000000000043e-01
9.000000000000000000e+00 1.439999999999999891e-01
1.000000000000000000e+01 1.439999999999999891e-01
1.100000000000000000e+01 1.751999999999999946e-01
1.200000000000000000e+01 1.751999999999999946e-01
1.300000000000000000e+01 2.039999999999999869e-01
1.400000000000000000e+01 2.039999999999999869e-01
1.500000000000000000e+01 2.311999999999999889e-01
1.600000000000000000e+01 2.311999999999999889e-01
1.700000000000000000e+01 2.464000000000000079e-01
1.800000000000000000e+01 2.464000000000000079e-01
1.900000000000000000e+01 2.464000000000000079e-01
2.000000000000000000e+01 2.464000000000000079e-01
2.100000000000000000e+01 2.696000000000000063e-01
2.200000000000000000e+01 2.696000000000000063e-01
2.300000000000000000e+01 2.943999999999999950e-01
2.400000000000000000e+01 2.943999999999999950e-01
2.500000000000000000e+01 3.200000000000000067e-01
2.600000000000000000e+01 3.200000000000000067e-01
2.700000000000000000e+01 3.400000000000000244e-01
2.800000000000000000e+01 3.400000000000000244e-01
2.900000000000000000e+01 3.695999999999999841e-01
3.000000000000000000e+01 3.695999999999999841e-01
3.100000000000000000e+01 3.824000000000000177e-01
3.200000000000000000e+01 3.824000000000000177e-01
3.300000000000000000e+01 4.007999999999999896e-01
3.400000000000000000e+01 4.007999999999999896e-01
3.500000000000000000e+01 4.119999999999999774e-01
3.600000000000000000e+01 4.119999999999999774e-01
3.700000000000000000e+01 4.368000000000000216e-01
3.800000000000000000e+01 4.368000000000000216e-01
3.900000000000000000e+01 4.567999999999999838e-01
4.000000000000000000e+01 4.567999999999999838e-01
4.100000000000000000e+01 4.872000000000000219e-01
4.200000000000000000e+01 4.872000000000000219e-01
4.300000000000000000e+01 4.912000000000000255e-01
4.400000000000000000e+01 4.912000000000000255e-01
4.500000000000000000e+01 5.208000000000000407e-01
4.600000000000000000e+01 5.215999999999999526e-01
4.700000000000000000e+01 5.480000000000000426e-01
4.800000000000000000e+01 5.480000000000000426e-01
4.900000000000000000e+01 5.744000000000000217e-01
5.000000000000000000e+01 5.744000000000000217e-01
5.100000000000000000e+01 5.879999999999999671e-01
5.200000000000000000e+01 5.879999999999999671e-01
5.300000000000000000e+01 6.128000000000000114e-01
5.400000000000000000e+01 6.128000000000000114e-01
5.500000000000000000e+01 6.176000000000000378e-01
5.600000000000000000e+01 6.176000000000000378e-01
5.700000000000000000e+01 6.391999999999999904e-01
5.800000000000000000e+01 6.391999999999999904e-01
5.900000000000000000e+01 6.592000000000000082e-01
6.000000000000000000e+01 6.592000000000000082e-01
6.100000000000000000e+01 6.887999999999999678e-01
6.200000000000000000e+01 6.887999999999999678e-01
6.300000000000000000e+01 7.016000000000000014e-01
6.400000000000000000e+01 7.016000000000000014e-01
6.500000000000000000e+01 7.296000000000000263e-01
6.600000000000000000e+01 7.296000000000000263e-01
6.700000000000000000e+01 7.399999999999999911e-01
6.800000000000000000e+01 7.399999999999999911e-01
6.900000000000000000e+01 7.695999999999999508e-01
7.000000000000000000e+01 7.695999999999999508e-01
7.100000000000000000e+01 7.815999999999999615e-01
7.200000000000000000e+01 7.815999999999999615e-01
7.300000000000000000e+01 8.095999999999999863e-01
7.400000000000000000e+01 8.095999999999999863e-01
7.500000000000000000e+01 8.224000000000000199e-01
7.600000000000000000e+01 8.224000000000000199e-01
7.700000000000000000e+01 8.536000000000000254e-01
7.800000000000000000e+01 8.536000000000000254e-01
7.900000000000000000e+01 8.776000000000000467e-01
8.000000000000000000e+01 8.776000000000000467e-01
8.100000000000000000e+01 9.023999999999999799e-01
8.200000000000000000e+01 9.023999999999999799e-01
8.300000000000000000e+01 9.135999999999999677e-01
8.400000000000000000e+01 9.135999999999999677e-01
8.500000000000000000e+01 9.407999999999999696e-01
8.600000000000000000e+01 9.407999999999999696e-01
8.700000000000000000e+01 9.639999999999999680e-01
8.800000000000000000e+01 9.639999999999999680e-01
8.900000000000000000e+01 9.848000000000000087e-01
9.000000000000000000e+01 9.856000000000000316e-01
9.100000000000000000e+01 9.951999999999999735e-01
9.200000000000000000e+01 9.951999999999999735e-01
9.300000000000000000e+01 1.023200000000000109e+00
9.400000000000000000e+01 1.023200000000000109e+00
9.500000000000000000e+01 1.033600000000000074e+00
9.600000000000000000e+01 1.033600000000000074e+00
9.700000000000000000e+01 1.061600000000000099e+00
9.800000000000000000e+01 1.061600000000000099e+00
9.900000000000000000e+01 1.080000000000000071e+00
1.000000000000000000e+02 1.080000000000000071e+00
1.010000000000000000e+02 1.105599999999999916e+00
1.020000000000000000e+02 1.105599999999999916e+00
1.030000000000000000e+02 1.129599999999999937e+00
1.040000000000000000e+02 1.129599999999999937e+00
1.050000000000000000e+02 1.162400000000000100e+00
1.060000000000000000e+02 1.162400000000000100e+00
1.070000000000000000e+02 1.181599999999999984e+00
1.080000000000000000e+02 1.181599999999999984e+00
1.090000000000000000e+02 1.203200000000000047e+00
1.100000000000000000e+02 1.203200000000000047e+00
1.110000000000000000e+02 1.203200000000000047e+00
1.120000000000000000e+02 1.203200000000000047e+00
1.130000000000000000e+02 1.232799999999999896e+00
1.140000000000000000e+02 1.232799999999999896e+00
1.150000000000000000e+02 1.262399999999999967e+00
1.160000000000000000e+02 1.262399999999999967e+00
1.170000000000000000e+02 1.287199999999999900e+00
1.180000000000000000e+02 1.290399999999999991e+00
1.190000000000000000e+02 1.292799999999999949e+00
1.200000000000000000e+02 1.292799999999999949e+00
1.210000000000000000e+02 1.316799999999999971e+00
1.220000000000000000e+02 1.316799999999999971e+00
1.230000000000000000e+02 1.339199999999999946e+00
1.240000000000000000e+02 1.339199999999999946e+00
1.250000000000000000e+02 1.362400000000000055e+00
1.260000000000000000e+02 1.362400000000000055e+00
1.270000000000000000e+02 1.391999999999999904e+00
1.280000000000000000e+02 1.391999999999999904e+00
1.290000000000000000e+02 1.421599999999999975e+00
1.300000000000000000e+02 1.421599999999999975e+00
1.310000000000000000e+02 1.427999999999999936e+00
1.320000000000000000e+02 1.427999999999999936e+00
1.330000000000000000e+02 1.453600000000000003e+00
1.340000000000000000e+02 1.453600000000000003e+00
1.350000000000000000e+02 1.469600000000000017e+00
1.360000000000000000e+02 1.469600000000000017e+00
1.370000000000000000e+02 1.487999999999999989e+00
1.380000000000000000e+02 1.487999999999999989e+00
1.390000000000000000e+02 1.502399999999999958e+00
1.400000000000000000e+02 1.502399999999999958e+00
1.410000000000000000e+02 1.542399999999999993e+00
1.420000000000000000e+02 1.543199999999999905e+00
1.430000000000000000e+02 1.569600000000000106e+00
1.440000000000000000e+02 1.569600000000000106e+00
1.450000000000000000e+02 1.604800000000000004e+00
1.460000000000000000e+02 1.604800000000000004e+00
1.470000000000000000e+02 1.625599999999999934e+00
1.480000000000000000e+02 1.625599999999999934e+00
1.490000000000000000e+02 1.649599999999999955e+00
1.500000000000000000e+02 1.649599999999999955e+00
1.510000000000000000e+02 1.671999999999999931e+00
1.520000000000000000e+02 1.671999999999999931e+00
1.530000000000000000e+02 1.701600000000000001e+00
1.540000000000000000e+02 1.701600000000000001e+00
1.550000000000000000e+02 1.721600000000000019e+00
1.560000000000000000e+02 1.721600000000000019e+00
1.570000000000000000e+02 1.746399999999999952e+00
1.580000000000000000e+02 1.746399999999999952e+00
1.590000000000000000e+02 1.747200000000000086e+00
1.600000000000000000e+02 1.747200000000000086e+00
1.610000000000000000e+02 1.773600000000000065e+00
1.620000000000000000e+02 1.773600000000000065e+00
1.630000000000000000e+02 1.791199999999999903e+00
1.640000000000000000e+02 1.791199999999999903e+00
1.650000000000000000e+02 1.824000000000000066e+00
1.660000000000000000e+02 1.824000000000000066e+00
1.670000000000000000e+02 1.840000000000000080e+00
1.680000000000000000e+02 1.840000000000000080e+00
1.690000000000000000e+02 1.872800000000000020e+00
1.700000000000000000e+02 1.872800000000000020e+00
1.710000000000000000e+02 1.885599999999999943e+00
1.720000000000000000e+02 1.885599999999999943e+00
1.730000000000000000e+02 1.923999999999999932e+00
1.740000000000000000e+02 1.923999999999999932e+00
1.750000000000000000e+02 1.935200000000000031e+00
1.760000000000000000e+02 1.935200000000000031e+00
1.770000000000000000e+02 1.969600000000000017e+00
1.780000000000000000e+02 1.969600000000000017e+00
1.790000000000000000e+02 1.985600000000000032e+00
1.800000000000000000e+02 1.985600000000000032e+00
1.810000000000000000e+02 2.014400000000000190e+00
1.820000000000000000e+02 2.014400000000000190e+00
1.830000000000000000e+02 2.046400000000000219e+00
1.840000000000000000e+02 2.046400000000000219e+00
1.850000000000000000e+02 2.074399999999999800e+00
1.860000000000000000e+02 2.074399999999999800e+00
1.870000000000000000e+02 2.093599999999999905e+00
1.880000000000000000e+02 2.093599999999999905e+00
1.890000000000000000e+02 2.127200000000000202e+00
1.900000000000000000e+02 2.127200000000000202e+00
1.910000000000000000e+02 2.144800000000000040e+00
1.920000000000000000e+02 2.144800000000000040e+00
1.930000000000000000e+02 2.196800000000000086e+00
1.940000000000000000e+02 2.196800000000000086e+00
1.950000000000000000e+02 2.209600000000000009e+00
1.960000000000000000e+02 2.209600000000000009e+00
1.970000000000000000e+02 2.254399999999999959e+00
1.980000000000000000e+02 2.257600000000000051e+00
1.990000000000000000e+02 2.297600000000000087e+00
2.000000000000000000e+02 2.297600000000000087e+00
2.010000000000000000e+02 2.320800000000000196e+00
2.020000000000000000e+02 2.320800000000000196e+00
2.030000000000000000e+02 2.335999999999999854e+00
2.040000000000000000e+02 2.335999999999999854e+00
2.050000000000000000e+02 2.370400000000000063e+00
2.060000000000000000e+02 2.370400000000000063e+00
2.070000000000000000e+02 2.375999999999999890e+00
2.080000000000000000e+02 2.375999999999999890e+00
2.090000000000000000e+02 2.404799999999999827e+00
2.100000000000000000e+02 2.404799999999999827e+00
2.110000000000000000e+02 2.423200000000000021e+00
2.120000000000000000e+02 2.423200000000000021e+00
2.130000000000000000e+02 2.443200000000000038e+00
2.140000000000000000e+02 2.443200000000000038e+00
2.150000000000000000e+02 2.448799999999999866e+00
2.160000000000000000e+02 2.448799999999999866e+00
2.170000000000000000e+02 2.476799999999999891e+00
2.180000000000000000e+02 2.476799999999999891e+00
2.190000000000000000e+02 2.491999999999999993e+00
2.200000000000000000e+02 2.491999999999999993e+00
2.210000000000000000e+02 2.519200000000000106e+00
2.220000000000000000e+02 2.519200000000000106e+00
2.230000000000000000e+02 2.540000000000000036e+00
2.240000000000000000e+02 2.540000000000000036e+00
2.250000000000000000e+02 2.567200000000000149e+00
2.260000000000000000e+02 2.567200000000000149e+00
2.270000000000000000e+02 2.572799999999999976e+00
2.280000000000000000e+02 2.572799999999999976e+00
2.290000000000000000e+02 2.608000000000000096e+00
2.300000000000000000e+02 2.608000000000000096e+00
2.310000000000000000e+02 2.613599999999999923e+00
2.320000000000000000e+02 2.613599999999999923e+00
2.330000000000000000e+02 2.649599999999999955e+00
2.340000000000000000e+02 2.650399999999999867e+00
2.350000000000000000e+02 2.657599999999999962e+00
2.360000000000000000e+02 2.657599999999999962e+00
2.370000000000000000e+02 2.682399999999999896e+00
2.380000000000000000e+02 2.682399999999999896e+00
2.390000000000000000e+02 2.703199999999999825e+00
2.400000000000000000e+02 2.703199999999999825e+00
2.410000000000000000e+02 2.736800000000000122e+00
2.420000000000000000e+02 2.736800000000000122e+00
2.430000000000000000e+02 2.758399999999999963e+00
2.440000000000000000e+02 2.758399999999999963e+00
2.450000000000000000e+02 2.779999999999999805e+00
2.460000000000000000e+02 2.779999999999999805e+00
2.470000000000000000e+02 2.779999999999999805e+00
2.480000000000000000e+02 2.779999999999999805e+00
2.490000000000000000e+02 2.802400000000000002e+00
2.500000000000000000e+02 2.802400000000000002e+00
2.510000000000000000e+02 2.848800000000000221e+00
2.520000000000000000e+02 2.848800000000000221e+00
2.530000000000000000e+02 2.875999999999999890e+00
2.540000000000000000e+02 2.875999999999999890e+00
2.550000000000000000e+02 2.875999999999999890e+00
2.560000000000000000e+02 2.875999999999999890e+00
2.570000000000000000e+02 2.910400000000000098e+00
2.580000000000000000e+02 2.910400000000000098e+00
2.590000000000000000e+02 2.943200000000000038e+00
2.600000000000000000e+02 2.943200000000000038e+00
2.610000000000000000e+02 2.971999999999999975e+00
2.620000000000000000e+02 2.971999999999999975e+00
2.630000000000000000e+02 2.983200000000000074e+00
2.640000000000000000e+02 2.983200000000000074e+00
2.650000000000000000e+02 3.010400000000000187e+00
2.660000000000000000e+02 3.012000000000000011e+00
2.670000000000000000e+02 3.027200000000000113e+00
2.680000000000000000e+02 3.027200000000000113e+00
2.690000000000000000e+02 3.052799999999999958e+00
2.700000000000000000e+02 3.052799999999999958e+00
2.710000000000000000e+02 3.070399999999999796e+00
2.720000000000000000e+02 3.070399999999999796e+00
2.730000000000000000e+02 3.097599999999999909e+00
2.740000000000000000e+02 3.097599999999999909e+00
2.750000000000000000e+02 3.114399999999999835e+00
2.760000000000000000e+02 3.114399999999999835e+00
2.770000000000000000e+02 3.145599999999999952e+00
2.780000000000000000e+02 3.145599999999999952e+00
2.790000000000000000e+02 3.164000000000000146e+00
2.800000000000000000e+02 3.164000000000000146e+00
2.810000000000000000e+02 3.193599999999999994e+00
2.820000000000000000e+02 3.193599999999999994e+00
2.830000000000000000e+02 3.193599999999999994e+00
2.840000000000000000e+02 3.193599999999999994e+00
2.850000000000000000e+02 3.224000000000000199e+00
2.860000000000000000e+02 3.224800000000000111e+00
2.870000000000000000e+02 3.242399999999999949e+00
2.880000000000000000e+02 3.242399999999999949e+00
2.890000000000000000e+02 3.248000000000000220e+00
2.900000000000000000e+02 3.248000000000000220e+00
2.910000000000000000e+02 3.248000000000000220e+00
2.920000000000000000e+02 3.248000000000000220e+00
2.930000000000000000e+02 3.248000000000000220e+00
2.940000000000000000e+02 3.248000000000000220e+00
2.950000000000000000e+02 3.248000000000000220e+00
2.960000000000000000e+02 3.248000000000000220e+00
2.970000000000000000e+02 3.248000000000000220e+00
2.980000000000000000e+02 3.248000000000000220e+00
2.990000000000000000e+02 3.248000000000000220e+00
3.000000000000000000e+02 3.248000000000000220e+00
3.010000000000000000e+02 3.273600000000000065e+00
3.020000000000000000e+02 3.273600000000000065e+00
3.030000000000000000e+02 3.294399999999999995e+00
3.040000000000000000e+02 3.294399999999999995e+00
3.050000000000000000e+02 3.321600000000000108e+00
3.060000000000000000e+02 3.321600000000000108e+00
3.070000000000000000e+02 3.323999999999999844e+00
3.080000000000000000e+02 3.323999999999999844e+00
3.090000000000000000e+02 3.338400000000000034e+00
3.100000000000000000e+02 3.338400000000000034e+00
3.110000000000000000e+02 3.357600000000000140e+00
3.120000000000000000e+02 3.357600000000000140e+00
3.130000000000000000e+02 3.376799999999999802e+00
3.140000000000000000e+02 3.376799999999999802e+00
3.150000000000000000e+02 3.386400000000000077e+00
3.160000000000000000e+02 3.386400000000000077e+00
3.170000000000000000e+02 3.408799999999999830e+00
3.180000000000000000e+02 3.408799999999999830e+00
3.190000000000000000e+02 3.427200000000000024e+00
3.200000000000000000e+02 3.427200000000000024e+00
3.210000000000000000e+02 3.467200000000000060e+00
3.220000000000000000e+02 3.467200000000000060e+00
3.230000000000000000e+02 3.483200000000000074e+00
3.240000000000000000e+02 3.483200000000000074e+00
3.250000000000000000e+02 3.513599999999999834e+00
3.260000000000000000e+02 3.513599999999999834e+00
3.270000000000000000e+02 3.528799999999999937e+00
3.280000000000000000e+02 3.528799999999999937e+00
3.290000000000000000e+02 3.548799999999999955e+00
3.300000000000000000e+02 3.550399999999999778e+00
3.310000000000000000e+02 3.571200000000000152e+00
3.320000000000000000e+02 3.571200000000000152e+00
3.330000000000000000e+02 3.593599999999999905e+00
3.340000000000000000e+02 3.593599999999999905e+00
3.350000000000000000e+02 3.621599999999999930e+00
3.360000000000000000e+02 3.621599999999999930e+00
3.370000000000000000e+02 3.643200000000000216e+00
3.380000000000000000e+02 3.643200000000000216e+00
3.390000000000000000e+02 3.643200000000000216e+00
3.400000000000000000e+02 3.643200000000000216e+00
3.410000000000000000e+02 3.672000000000000153e+00
3.420000000000000000e+02 3.672000000000000153e+00
3.430000000000000000e+02 3.690399999999999903e+00
3.440000000000000000e+02 3.690399999999999903e+00
3.450000000000000000e+02 3.712800000000000100e+00
3.460000000000000000e+02 3.712800000000000100e+00
3.470000000000000000e+02 3.731199999999999850e+00
3.480000000000000000e+02 3.731199999999999850e+00
3.490000000000000000e+02 3.757600000000000051e+00
3.500000000000000000e+02 3.757600000000000051e+00
3.510000000000000000e+02 3.783199999999999896e+00
3.520000000000000000e+02 3.783199999999999896e+00
3.530000000000000000e+02 3.819199999999999928e+00
3.540000000000000000e+02 3.819199999999999928e+00
3.550000000000000000e+02 3.824800000000000200e+00
3.560000000000000000e+02 3.824800000000000200e+00
3.570000000000000000e+02 3.855199999999999960e+00
3.580000000000000000e+02 3.855999999999999872e+00
3.590000000000000000e+02 3.867199999999999971e+00
3.600000000000000000e+02 3.867199999999999971e+00
3.610000000000000000e+02 3.891999999999999904e+00
3.620000000000000000e+02 3.891999999999999904e+00
3.630000000000000000e+02 3.914400000000000102e+00
3.640000000000000000e+02 3.914400000000000102e+00
3.650000000000000000e+02 3.951999999999999957e+00
3.660000000000000000e+02 3.951999999999999957e+00
3.670000000000000000e+02 3.969599999999999795e+00
3.680000000000000000e+02 3.969599999999999795e+00
3.690000000000000000e+02 4.012800000000000367e+00
3.700000000000000000e+02 4.015200000000000102e+00
3.710000000000000000e+02 4.023200000000000109e+00
3.720000000000000000e+02 4.023200000000000109e+00
3.730000000000000000e+02 4.044800000000000395e+00
3.740000000000000000e+02 4.044800000000000395e+00
3.750000000000000000e+02 4.078400000000000247e+00
3.760000000000000000e+02 4.078400000000000247e+00
3.770000000000000000e+02 4.115199999999999747e+00
3.780000000000000000e+02 4.115199999999999747e+00
3.790000000000000000e+02 4.135200000000000209e+00
3.800000000000000000e+02 4.135200000000000209e+00
3.810000000000000000e+02 4.161599999999999966e+00
3.820000000000000000e+02 4.161599999999999966e+00
3.830000000000000000e+02 4.178399999999999892e+00
3.840000000000000000e+02 4.178399999999999892e+00
3.850000000000000000e+02 4.214400000000000368e+00
3.860000000000000000e+02 4.214400000000000368e+00
3.870000000000000000e+02 4.230400000000000382e+00
3.880000000000000000e+02 4.230400000000000382e+00
3.890000000000000000e+02 4.258399999999999963e+00
3.900000000000000000e+02 4.258399999999999963e+00
3.910000000000000000e+02 4.283999999999999808e+00
3.920000000000000000e+02 4.283999999999999808e+00
3.930000000000000000e+02 4.309599999999999653e+00
3.940000000000000000e+02 4.309599999999999653e+00
3.950000000000000000e+02 4.315199999999999925e+00
3.960000000000000000e+02 4.315199999999999925e+00
3.970000000000000000e+02 4.349599999999999689e+00
3.980000000000000000e+02 4.352000000000000313e+00
3.990000000000000000e+02 4.379999999999999893e+00
4.000000000000000000e+02 4.379999999999999893e+00
4.010000000000000000e+02 4.406399999999999650e+00
4.020000000000000000e+02 4.406399999999999650e+00
4.030000000000000000e+02 4.437599999999999767e+00
4.040000000000000000e+02 4.437599999999999767e+00
4.050000000000000000e+02 4.467200000000000060e+00
4.060000000000000000e+02 4.467200000000000060e+00
4.070000000000000000e+02 4.473600000000000243e+00
4.080000000000000000e+02 4.473600000000000243e+00
4.090000000000000000e+02 4.491200000000000081e+00
4.100000000000000000e+02 4.491200000000000081e+00
4.110000000000000000e+02 4.502399999999999736e+00
4.120000000000000000e+02 4.502399999999999736e+00
4.130000000000000000e+02 4.524799999999999933e+00
4.140000000000000000e+02 4.524799999999999933e+00
4.150000000000000000e+02 4.551999999999999602e+00
4.160000000000000000e+02 4.551999999999999602e+00
4.170000000000000000e+02 4.578400000000000247e+00
4.180000000000000000e+02 4.578400000000000247e+00
4.190000000000000000e+02 4.590399999999999814e+00
4.200000000000000000e+02 4.590399999999999814e+00
4.210000000000000000e+02 4.620000000000000107e+00
4.220000000000000000e+02 4.620000000000000107e+00
4.230000000000000000e+02 4.628800000000000026e+00
4.240000000000000000e+02 4.628800000000000026e+00
4.250000000000000000e+02 4.656799999999999606e+00
4.260000000000000000e+02 4.656799999999999606e+00
4.270000000000000000e+02 4.656799999999999606e+00
4.280000000000000000e+02 4.656799999999999606e+00
4.290000000000000000e+02 4.674400000000000333e+00
4.300000000000000000e+02 4.674400000000000333e+00
4.310000000000000000e+02 4.684000000000000163e+00
4.320000000000000000e+02 4.684000000000000163e+00
4.330000000000000000e+02 4.708800000000000097e+00
4.340000000000000000e+02 4.708800000000000097e+00
4.350000000000000000e+02 4.724800000000000111e+00
4.360000000000000000e+02 4.724800000000000111e+00
4.370000000000000000e+02 4.758399999999999963e+00
4.380000000000000000e+02 4.758399999999999963e+00
4.390000000000000000e+02 4.779200000000000337e+00
4.400000000000000000e+02 4.779200000000000337e+00
4.410000000000000000e+02 4.802399999999999558e+00
4.420000000000000000e+02 4.802399999999999558e+00
4.430000000000000000e+02 4.808799999999999741e+00
4.440000000000000000e+02 4.808799999999999741e+00
4.450000000000000000e+02 4.844000000000000306e+00
4.460000000000000000e+02 4.844000000000000306e+00
4.470000000000000000e+02 4.885600000000000165e+00
4.480000000000000000e+02 4.885600000000000165e+00
4.490000000000000000e+02 4.917600000000000193e+00
4.500000000000000000e+02 4.921599999999999753e+00
4.510000000000000000e+02 4.925600000000000200e+00
4.520000000000000000e+02 4.925600000000000200e+00
4.530000000000000000e+02 4.955199999999999605e+00
4.540000000000000000e+02 4.955199999999999605e+00
4.550000000000000000e+02 4.960799999999999876e+00
4.560000000000000000e+02 4.960799999999999876e+00
4.570000000000000000e+02 4.987199999999999633e+00
4.580000000000000000e+02 4.987199999999999633e+00
4.590000000000000000e+02 5.011999999999999567e+00
4.600000000000000000e+02 5.011999999999999567e+00
4.610000000000000000e+02 5.043999999999999595e+00
4.620000000000000000e+02 5.043999999999999595e+00
4.630000000000000000e+02 5.063200000000000145e+00
4.640000000000000000e+02 5.063200000000000145e+00
4.650000000000000000e+02 5.075999999999999623e+00
4.660000000000000000e+02 5.075999999999999623e+00
4.670000000000000000e+02 5.075999999999999623e+00
4.680000000000000000e+02 5.075999999999999623e+00
4.690000000000000000e+02 5.101600000000000357e+00
4.700000000000000000e+02 5.101600000000000357e+00
4.710000000000000000e+02 5.121599999999999930e+00
4.720000000000000000e+02 5.121599999999999930e+00
4.730000000000000000e+02 5.154399999999999871e+00
4.740000000000000000e+02 5.154399999999999871e+00
4.750000000000000000e+02 5.192000000000000171e+00
4.760000000000000000e+02 5.192000000000000171e+00
4.770000000000000000e+02 5.220799999999999663e+00
4.780000000000000000e+02 5.220799999999999663e+00
4.790000000000000000e+02 5.229599999999999582e+00
4.800000000000000000e+02 5.229599999999999582e+00
4.810000000000000000e+02 5.256800000000000139e+00
4.820000000000000000e+02 5.256800000000000139e+00
4.830000000000000000e+02 5.257600000000000051e+00
4.840000000000000000e+02 5.257600000000000051e+00
4.850000000000000000e+02 5.282399999999999984e+00
4.860000000000000000e+02 5.282399999999999984e+00
4.870000000000000000e+02 5.304800000000000182e+00
4.880000000000000000e+02 5.304800000000000182e+00
4.890000000000000000e+02 5.326399999999999579e+00
4.900000000000000000e+02 5.326399999999999579e+00
4.910000000000000000e+02 5.326399999999999579e+00
4.920000000000000000e+02 5.326399999999999579e+00
4.930000000000000000e+02 5.326399999999999579e+00
4.940000000000000000e+02 5.326399999999999579e+00
4.950000000000000000e+02 5.326399999999999579e+00
4.960000000000000000e+02 5.326399999999999579e+00
4.970000000000000000e+02 5.326399999999999579e+00
4.980000000000000000e+02 5.326399999999999579e+00
4.990000000000000000e+02 5.326399999999999579e+00
5.000000000000000000e+02 5.326399999999999579e+00
5.010000000000000000e+02 5.360000000000000320e+00
5.020000000000000000e+02 5.360000000000000320e+00
5.030000000000000000e+02 5.392000000000000348e+00
5.040000000000000000e+02 5.392000000000000348e+00
5.050000000000000000e+02 5.411999999999999922e+00
5.060000000000000000e+02 5.411999999999999922e+00
5.070000000000000000e+02 5.422399999999999665e+00
5.080000000000000000e+02 5.422399999999999665e+00
5.090000000000000000e+02 5.442400000000000126e+00
5.100000000000000000e+02 5.442400000000000126e+00
5.110000000000000000e+02 5.442400000000000126e+00
5.120000000000000000e+02 5.442400000000000126e+00
5.130000000000000000e+02 5.464000000000000412e+00
5.140000000000000000e+02 5.464000000000000412e+00
5.150000000000000000e+02 5.497600000000000264e+00
5.160000000000000000e+02 5.497600000000000264e+00
5.170000000000000000e+02 5.520800000000000374e+00
5.180000000000000000e+02 5.520800000000000374e+00
5.190000000000000000e+02 5.540000000000000036e+00
5.200000000000000000e+02 5.540000000000000036e+00
5.210000000000000000e+02 5.565599999999999881e+00
5.220000000000000000e+02 5.565599999999999881e+00
5.230000000000000000e+02 5.574399999999999800e+00
5.240000000000000000e+02 5.574399999999999800e+00
5.250000000000000000e+02 5.598399999999999821e+00
5.260000000000000000e+02 5.598399999999999821e+00
5.270000000000000000e+02 5.598399999999999821e+00
5.280000000000000000e+02 5.598399999999999821e+00
5.290000000000000000e+02 5.635200000000000209e+00
5.300000000000000000e+02 5.635200000000000209e+00
5.310000000000000000e+02 5.679199999999999804e+00
5.320000000000000000e+02 5.679199999999999804e+00
5.330000000000000000e+02 5.711999999999999744e+00
5.340000000000000000e+02 5.711999999999999744e+00
5.350000000000000000e+02 5.722400000000000375e+00
5.360000000000000000e+02 5.722400000000000375e+00
5.370000000000000000e+02 5.750399999999999956e+00
5.380000000000000000e+02 5.750399999999999956e+00
5.390000000000000000e+02 5.751999999999999780e+00
5.400000000000000000e+02 5.751999999999999780e+00
5.410000000000000000e+02 5.778400000000000425e+00
5.420000000000000000e+02 5.778400000000000425e+00
5.430000000000000000e+02 5.808799999999999741e+00
5.440000000000000000e+02 5.808799999999999741e+00
5.450000000000000000e+02 5.836800000000000210e+00
5.460000000000000000e+02 5.836800000000000210e+00
5.470000000000000000e+02 5.840799999999999770e+00
5.480000000000000000e+02 5.840799999999999770e+00
5.490000000000000000e+02 5.868800000000000239e+00
5.500000000000000000e+02 5.868800000000000239e+00
5.510000000000000000e+02 5.883200000000000429e+00
5.520000000000000000e+02 5.883200000000000429e+00
5.530000000000000000e+02 5.912799999999999834e+00
5.540000000000000000e+02 5.912799999999999834e+00
5.550000000000000000e+02 5.930399999999999672e+00
5.560000000000000000e+02 5.930399999999999672e+00
5.570000000000000000e+02 5.967999999999999972e+00
5.580000000000000000e+02 5.967999999999999972e+00
5.590000000000000000e+02 5.978399999999999714e+00
5.600000000000000000e+02 5.978399999999999714e+00
5.610000000000000000e+02 6.003199999999999648e+00
5.620000000000000000e+02 6.003199999999999648e+00
5.630000000000000000e+02 6.048000000000000043e+00
5.640000000000000000e+02 6.048000000000000043e+00
5.650000000000000000e+02 6.086400000000000254e+00
5.660000000000000000e+02 6.086400000000000254e+00
5.670000000000000000e+02 6.102400000000000269e+00
5.680000000000000000e+02 6.102400000000000269e+00
5.690000000000000000e+02 6.127200000000000202e+00
5.700000000000000000e+02 6.127200000000000202e+00
5.710000000000000000e+02 6.143200000000000216e+00
5.720000000000000000e+02 6.143200000000000216e+00
5.730000000000000000e+02 6.165600000000000414e+00
5.740000000000000000e+02 6.165600000000000414e+00
5.750000000000000000e+02 6.176800000000000068e+00
5.760000000000000000e+02 6.176800000000000068e+00
5.770000000000000000e+02 6.205599999999999561e+00
5.780000000000000000e+02 6.205599999999999561e+00
5.790000000000000000e+02 6.211199999999999832e+00
5.800000000000000000e+02 6.211199999999999832e+00
5.810000000000000000e+02 6.239200000000000301e+00
5.820000000000000000e+02 6.239200000000000301e+00
5.830000000000000000e+02 6.266399999999999970e+00
5.840000000000000000e+02 6.266399999999999970e+00
5.850000000000000000e+02 6.291199999999999903e+00
5.860000000000000000e+02 6.291199999999999903e+00
5.870000000000000000e+02 6.307999999999999829e+00
5.880000000000000000e+02 6.307999999999999829e+00
5.890000000000000000e+02 6.340799999999999770e+00
5.900000000000000000e+02 6.340799999999999770e+00
5.910000000000000000e+02 6.356799999999999784e+00
5.920000000000000000e+02 6.356799999999999784e+00
5.930000000000000000e+02 6.382399999999999629e+00
5.940000000000000000e+02 6.382399999999999629e+00
5.950000000000000000e+02 6.399200000000000443e+00
5.960000000000000000e+02 6.399200000000000443e+00
5.970000000000000000e+02 6.428799999999999848e+00
5.980000000000000000e+02 6.428799999999999848e+00
5.990000000000000000e+02 6.465600000000000236e+00
6.000000000000000000e+02 6.465600000000000236e+00
6.010000000000000000e+02 6.483999999999999986e+00
6.020000000000000000e+02 6.483999999999999986e+00
6.030000000000000000e+02 6.507200000000000095e+00
6.040000000000000000e+02 6.507200000000000095e+00
6.050000000000000000e+02 6.533599999999999852e+00
6.060000000000000000e+02 6.533599999999999852e+00
6.070000000000000000e+02 6.543199999999999683e+00
6.080000000000000000e+02 6.543199999999999683e+00
6.090000000000000000e+02 6.570400000000000240e+00
6.100000000000000000e+02 6.570400000000000240e+00
6.110000000000000000e+02 6.589599999999999902e+00
6.120000000000000000e+02 6.589599999999999902e+00
6.130000000000000000e+02 6.628800000000000026e+00
6.140000000000000000e+02 6.628800000000000026e+00
6.150000000000000000e+02 6.634400000000000297e+00
6.160000000000000000e+02 6.634400000000000297e+00
6.170000000000000000e+02 6.661599999999999966e+00
6.180000000000000000e+02 6.661599999999999966e+00
6.190000000000000000e+02 6.698400000000000354e+00
6.200000000000000000e+02 6.698400000000000354e+00
6.210000000000000000e+02 6.734399999999999942e+00
6.220000000000000000e+02 6.734399999999999942e+00
6.230000000000000000e+02 6.740000000000000213e+00
6.240000000000000000e+02 6.740000000000000213e+00
6.250000000000000000e+02 6.768799999999999706e+00
6.260000000000000000e+02 6.768799999999999706e+00
6.270000000000000000e+02 6.780000000000000249e+00
6.280000000000000000e+02 6.780000000000000249e+00
6.290000000000000000e+02 6.803200000000000358e+00
6.300000000000000000e+02 6.803200000000000358e+00
6.310000000000000000e+02 6.820800000000000196e+00
6.320000000000000000e+02 6.820800000000000196e+00
6.330000000000000000e+02 6.855199999999999960e+00
6.340000000000000000e+02 6.855199999999999960e+00
6.350000000000000000e+02 6.863199999999999967e+00
6.360000000000000000e+02 6.863199999999999967e+00
6.370000000000000000e+02 6.890399999999999636e+00
6.380000000000000000e+02 6.890399999999999636e+00
6.390000000000000000e+02 6.901600000000000179e+00
6.400000000000000000e+02 6.901600000000000179e+00
6.410000000000000000e+02 6.925600000000000200e+00
6.420000000000000000e+02 6.925600000000000200e+00
6.430000000000000000e+02 6.951999999999999957e+00
6.440000000000000000e+02 6.951999999999999957e+00
6.450000000000000000e+02 6.977599999999999802e+00
6.460000000000000000e+02 6.977599999999999802e+00
6.470000000000000000e+02 7.002399999999999736e+00
6.480000000000000000e+02 7.002399999999999736e+00
6.490000000000000000e+02 7.028800000000000381e+00
6.500000000000000000e+02 7.028800000000000381e+00
6.510000000000000000e+02 7.043999999999999595e+00
6.520000000000000000e+02 7.043999999999999595e+00
6.530000000000000000e+02 7.082399999999999807e+00
6.540000000000000000e+02 7.082399999999999807e+00
6.550000000000000000e+02 7.085600000000000342e+00
6.560000000000000000e+02 7.085600000000000342e+00
6.570000000000000000e+02 7.118400000000000283e+00
6.580000000000000000e+02 7.118400000000000283e+00
6.590000000000000000e+02 7.146399999999999864e+00
6.600000000000000000e+02 7.146399999999999864e+00
6.610000000000000000e+02 7.174400000000000333e+00
6.620000000000000000e+02 7.174400000000000333e+00
6.630000000000000000e+02 7.183200000000000252e+00
6.640000000000000000e+02 7.183200000000000252e+00
6.650000000000000000e+02 7.209600000000000009e+00
6.660000000000000000e+02 7.209600000000000009e+00
6.670000000000000000e+02 7.221599999999999575e+00
6.680000000000000000e+02 7.221599999999999575e+00
6.690000000000000000e+02 7.241600000000000037e+00
6.700000000000000000e+02 7.241600000000000037e+00
6.710000000000000000e+02 7.272000000000000242e+00
6.720000000000000000e+02 7.272000000000000242e+00
6.730000000000000000e+02 7.292799999999999727e+00
6.740000000000000000e+02 7.292799999999999727e+00
6.750000000000000000e+02 7.296800000000000175e+00
6.760000000000000000e+02 7.296800000000000175e+00
6.770000000000000000e+02 7.329600000000000115e+00
6.780000000000000000e+02 7.329600000000000115e+00
6.790000000000000000e+02 7.346400000000000041e+00
6.800000000000000000e+02 7.346400000000000041e+00
6.810000000000000000e+02 7.383200000000000429e+00
6.820000000000000000e+02 7.383200000000000429e+00
6.830000000000000000e+02 7.414399999999999658e+00
6.840000000000000000e+02 7.414399999999999658e+00
6.850000000000000000e+02 7.435200000000000031e+00
6.860000000000000000e+02 7.435200000000000031e+00
6.870000000000000000e+02 7.449600000000000222e+00
6.880000000000000000e+02 7.449600000000000222e+00
6.890000000000000000e+02 7.469599999999999795e+00
6.900000000000000000e+02 7.469599999999999795e+00
6.910000000000000000e+02 7.479199999999999626e+00
6.920000000000000000e+02 7.479199999999999626e+00
6.930000000000000000e+02 7.508799999999999919e+00
6.940000000000000000e+02 7.508799999999999919e+00
6.950000000000000000e+02 7.515200000000000102e+00
6.960000000000000000e+02 7.515200000000000102e+00
6.970000000000000000e+02 7.518399999999999750e+00
6.980000000000000000e+02 7.518399999999999750e+00
6.990000000000000000e+02 8.000000000000000000e+00
7.000000000000000000e+02 8.000000000000000000e+00
7.010000000000000000e+02 8.000000000000000000e+00
7.020000000000000000e+02 8.000000000000000000e+00
7.030000000000000000e+02 8.000000000000000000e+00
7.040000000000000000e+02 8.000000000000000000e+00
7.050000000000000000e+02 8.000000000000000000e+00
7.060000000000000000e+02 8.000000000000000000e+00
7.070000000000000000e+02 8.000000000000000000e+00
7.080000000000000000e+02 8.000000000000000000e+00
7.090000000000000000e+02 8.000000000000000000e+00
7.100000000000000000e+02 8.000000000000000000e+00
7.110000000000000000e+02 8.000000000000000000e+00
7.120000000000000000e+02 8.000000000000000000e+00
7.130000000000000000e+02 8.000000000000000000e+00
7.140000000000000000e+02 8.000000000000000000e+00
7.150000000000000000e+02 8.000000000000000000e+00
7.160000000000000000e+02 8.000000000000000000e+00
7.170000000000000000e+02 8.000000000000000000e+00
7.180000000000000000e+02 8.000000000000000000e+00
7.190000000000000000e+02 8.000000000000000000e+00
7.200000000000000000e+02 8.000000000000000000e+00
7.210000000000000000e+02 8.000000000000000000e+00
7.220000000000000000e+02 8.000000000000000000e+00
7.230000000000000000e+02 8.000000000000000000e+00
7.240000000000000000e+02 8.000000000000000000e+00
7.250000000000000000e+02 8.000000000000000000e+00
7.260000000000000000e+02 8.000000000000000000e+00
7.270000000000000000e+02 8.000000000000000000e+00
7.280000000000000000e+02 8.000000000000000000e+00
7.290000000000000000e+02 8.000000000000000000e+00
7.300000000000000000e+02 8.000000000000000000e+00
7.310000000000000000e+02 8.000000000000000000e+00
7.320000000000000000e+02 8.000000000000000000e+00
7.330000000000000000e+02 8.000000000000000000e+00
7.340000000000000000e+02 8.000000000000000000e+00
7.350000000000000000e+02 8.000000000000000000e+00
7.360000000000000000e+02 8.000000000000000000e+00
7.370000000000000000e+02 8.000000000000000000e+00
7.380000000000000000e+02 8.000000000000000000e+00
7.390000000000000000e+02 8.000000000000000000e+00
7.400000000000000000e+02 8.000000000000000000e+00
7.410000000000000000e+02 8.000000000000000000e+00
7.420000000000000000e+02 8.000000000000000000e+00
7.430000000000000000e+02 8.000000000000000000e+00
7.440000000000000000e+02 8.000000000000000000e+00
7.450000000000000000e+02 8.000000000000000000e+00
7.460000000000000000e+02 8.000000000000000000e+00
7.470000000000000000e+02 8.000000000000000000e+00
7.480000000000000000e+02 8.000000000000000000e+00
7.490000000000000000e+02 8.000000000000000000e+00
7.500000000000000000e+02 8.000000000000000000e+00
7.510000000000000000e+02 8.000000000000000000e+00
7.520000000000000000e+02 8.000000000000000000e+00
7.530000000000000000e+02 8.000000000000000000e+00
7.540000000000000000e+02 8.000000000000000000e+00
7.550000000000000000e+02 8.000000000000000000e+00
7.560000000000000000e+02 8.000000000000000000e+00
7.570000000000000000e+02 8.000000000000000000e+00
7.580000000000000000e+02 8.000000000000000000e+00
7.590000000000000000e+02 8.000000000000000000e+00
7.600000000000000000e+02 8.000000000000000000e+00
7.610000000000000000e+02 8.000000000000000000e+00
7.620000000000000000e+02 8.000000000000000000e+00
7.630000000000000000e+02 8.000000000000000000e+00
7.640000000000000000e+02 8.000000000000000000e+00
7.650000000000000000e+02 8.000000000000000000e+00
7.660000000000000000e+02 8.000000000000000000e+00
7.670000000000000000e+02 8.000000000000000000e+00
7.680000000000000000e+02 8.000000000000000000e+00
7.690000000000000000e+02 8.000000000000000000e+00
7.700000000000000000e+02 8.000000000000000000e+00
7.710000000000000000e+02 8.000000000000000000e+00
7.720000000000000000e+02 8.000000000000000000e+00
7.730000000000000000e+02 8.000000000000000000e+00
7.740000000000000000e+02 8.000000000000000000e+00
7.750000000000000000e+02 8.000000000000000000e+00
7.760000000000000000e+02 8.000000000000000000e+00
7.770000000000000000e+02 8.000000000000000000e+00
7.780000000000000000e+02 8.000000000000000000e+00
7.790000000000000000e+02 8.000000000000000000e+00
7.800000000000000000e+02 8.000000000000000000e+00
7.810000000000000000e+02 8.000000000000000000e+00
7.820000000000000000e+02 8.000000000000000000e+00
7.830000000000000000e+02 8.000000000000000000e+00
7.840000000000000000e+02 8.000000000000000000e+00
7.850000000000000000e+02 8.000000000000000000e+00
7.860000000000000000e+02 8.000000000000000000e+00
7.870000000000000000e+02 8.000000000000000000e+00
7.880000000000000000e+02 8.000000000000000000e+00
7.890000000000000000e+02 8.000000000000000000e+00
7.900000000000000000e+02 8.000000000000000000e+00
7.910000000000000000e+02 8.000000000000000000e+00
7.920000000000000000e+02 8.000000000000000000e+00
7.930000000000000000e+02 8.000000000000000000e+00
7.940000000000000000e+02 8.000000000000000000e+00
7.950000000000000000e+02 8.000000000000000000e+00
7.960000000000000000e+02 8.000000000000000000e+00
7.970000000000000000e+02 8.000000000000000000e+00
7.980000000000000000e+02 8.000000000000000000e+00
7.990000000000000000e+02 8.000000000000000000e+00
8.000000000000000000e+02 8.000000000000000000e+00
